ox,oy,dx,dy
447126.21580273774,4422392.234446038,449603.9483967498,4422317.731388519
450390.3113455599,4421071.650120222,451677.8463287916,4420388.536014182
451143.4230009544,4420597.280580309,445896.8635536628,4420578.309142641
448648.67072619154,4420385.021264021,445942.95066962426,4419364.800201249
451516.5567317046,4421361.871086842,441435.21406225767,4414174.588856771
441433.9496776097,4414567.523722029,440565.56450726173,4419787.736547804
440534.3059338534,4420053.263057991,440508.67271182267,4422900.5439043185
440528.2268952705,4422998.0691319,454451.1078807417,4430033.546808104
454027.4977907298,4428002.66189328,456735.5844883131,4424769.055221518
454045.59213996225,4422653.718847529,455869.3066533583,4421022.4324563155
453119.5038498699,4420412.836262726,450455.55375703104,4421118.953659222
450494.6632518013,4421220.814799292,456609.76549869333,4417362.070819089
456388.30211689783,4417499.853951969,455818.1376812551,4414245.497875178
453442.99129395053,4415449.444258377,457017.78659809777,4420142.355262477
456957.9924792583,4420146.022252038,454450.50484335114,4419509.0519851195
454450.9886083254,4419590.074416871,453943.47870803205,4420314.581024866
453839.7587392649,4418706.909179324,454330.98138060665,4417814.896428049
454327.80817068456,4417855.982941582,454119.8163753248,4417666.321764568
453795.4360905115,4417597.242579121,441917.44200814026,4415622.733179693
440066.41182613873,4409092.718396017,438468.7533930867,4409954.512628193
438461.36511562025,4409993.420593414,439323.32718154934,4410353.932848065
439368.7963202725,4410369.111794056,441362.5060471444,4410826.41204712
441378.71356362343,4410931.733289657,443698.23368109035,4412802.33135932
446007.66791918955,4412801.212053067,456222.7335075477,4406038.671305099
453297.1938876258,4414957.525001619,443808.7558132921,4414106.819717198
443776.02463872003,4413726.347219204,444218.61673642986,4414019.460824943
444206.602962252,4414482.397924274,452126.3762592363,4419151.452642199
451782.9028898787,4419164.714952795,449714.97504175664,4418295.657606069
449728.32830643706,4418246.73209389,441882.3391595909,4435864.537562535
441658.7351525559,4436728.720021827,445853.9350793694,4425238.232416014
445807.87921079673,4425246.329795466,446823.44615519914,4420380.8797341585
446473.9030678727,4419886.064975643,450502.2518348949,4415274.8046960905
450561.68101774843,4417190.173943244,456854.2475019091,4404926.292413311
456882.61002637824,4405858.4540730035,457195.377916284,4413254.269876321
448373.66614262806,4427212.00313982,464356.65721991786,4436646.965517749
451134.413045263,4427049.48102543,431411.8694486879,4417680.078411558
431340.77329596836,4417664.067653958,439805.13613668515,4421755.022936088
439884.3504791012,4421724.428538632,439754.71829890856,4419482.1951320255
440510.72625198046,4420097.84574967,440043.5081787722,4419473.260231372
439906.74305030337,4419469.896411717,440167.14782285644,4421289.3138855
440188.26194186584,4421366.846384265,441191.0262988976,4422102.7268824475
441832.22679978225,4421267.549496047,440327.6280785292,4421597.738842213
440515.6891737372,4421500.811498654,442730.3240575432,4422874.644526803
443422.8574263793,4423186.922452361,464757.91790064925,4436576.274405522
466605.63607908896,4433680.961041928,437567.0095897282,4412907.660484221
437907.2844091016,4412888.239727533,439240.99150394363,4416999.934368776
440431.00127299066,4417437.873343064,439829.32593167137,4417129.581154623
440499.3279319102,4417101.020865459,429518.3860141832,4417680.67664831
429265.32008360606,4417677.467463457,427182.34702053986,4420486.507500492
436278.08646515146,4416816.522167972,437496.68938498036,4415081.553311947
437858.4015989405,4415606.948193029,443471.2006874255,4409627.337786628
443573.00113919243,4410899.69373725,450845.45542525465,4417848.756032942
451026.65846532286,4418380.3628802085,447060.430685507,4412777.20057453
450260.2378866857,4411984.310074814,452916.22081177274,4411411.423307018
455786.50254874455,4415871.721415891,453487.55270680157,4416027.44699867
453481.5380129402,4416162.89532733,453764.3788181773,4423188.192452325
453650.00965571543,4423062.35367914,452614.3517929074,4422587.0071065305
453216.8329889444,4422766.425758143,452316.2138136857,4424768.8038692335
450229.7027465823,4424344.831409037,451547.2424440075,4424172.06386529
449730.5945784224,4422350.193604871,458254.9888812733,4419341.884646004
458236.37086417526,4419375.284379386,454870.0834967665,4417627.44125998
454869.35832182324,4417793.935319301,464902.87068376376,4433256.872523067
464740.4992960505,4436497.549150211,441012.5192554412,4411374.089876737
440567.31546874926,4414741.819527663,433732.61837373907,4415890.2634888245
433618.5487171718,4416833.630571408,431234.44968233065,4420473.315436956
430469.9531953305,4418819.68714059,451392.17523949954,4425568.261226306
451344.48911742785,4425455.35058822,449703.9678398304,4436265.980854398
449417.7462637719,4427208.321730244,468865.6549679676,4442116.909875941
452087.1307971631,4422154.094587568,464757.75292831945,4436540.756892377
451494.66167598986,4421411.957898085,456692.86275559873,4420555.978264543
456819.6757258711,4420618.525360726,445297.5318773612,4417550.184095575
445141.14828080527,4418389.322147862,443467.896168451,4419237.333813567
443470.6895347797,4419152.956068596,446314.02812480886,4412700.269708501
446025.35503910563,4412762.239142923,446945.22056299605,4415155.497613589
446945.22056299605,4415155.497613589,448026.5729739578,4412592.981450467
448095.8428180097,4412716.823960912,442619.0431319062,4424431.661232798
441842.10068711906,4425694.046375426,440210.2203415389,4426340.485894082
444144.5788904127,4426321.70059946,447298.2542486428,4424292.402265217
442806.511418453,4424261.53554697,448729.17640365724,4418377.692948416
448761.8731647725,4418155.484081161,446167.6650358526,4417661.6532078795
446183.4245056778,4417835.804503985,449737.06965650525,4416588.420273578
449433.90961501875,4416380.642833121,446810.9975390311,4412209.532112425
447029.3895242411,4412494.380702761,443757.9265466328,4413707.611211369
442754.4103798039,4413210.032964875,441051.3759835957,4417517.41497976
440651.5095287178,4416442.737418891,464550.7075477731,4436389.658743835
444272.78122747963,4425755.785734308,449717.49895523465,4431740.5369533375
448833.10816174984,4424437.331604118,447214.6930054772,4423819.0278586885
447238.1887623952,4424251.749540736,435585.3257783693,4415568.059977261
441283.30065763346,4416329.077116799,438687.6292482882,4417608.1821830915
438610.565692376,4417592.151968993,433473.79624289664,4416312.087481622
448218.716037631,4416710.670070432,450447.2500505738,4422338.841006395
451969.74796159466,4420742.983847021,466626.08528399974,4432899.475094859
453276.5569602988,4429293.673505896,466681.4312063694,4433653.989614392
455896.1308185728,4426392.167671054,455810.83824749244,4424788.79382723
453357.0401921356,4425296.243302676,455822.18428758567,4415241.076919181
455823.425797422,4415160.045179903,461492.03751173057,4402837.183156615
454393.8675404729,4406566.558792906,455714.69455098576,4405231.357375281
452168.6225203692,4410195.143852756,445984.30474905495,4414578.399221049
445999.61804048263,4414809.159923888,466690.9596638003,4433687.245960942
466734.0924598614,4433408.462499521,448805.16223579,4423074.493601072
447816.8244097171,4423193.303334597,453321.4325630163,4417803.244502278
453113.0227799409,4417689.088548619,440411.5855393032,4411877.118208669
440480.3641304184,4411920.980860188,464756.9982590574,4436561.849375891
464581.6328417904,4436621.493131609,449237.7582041832,4418767.213939537
449126.03490046813,4419187.517857508,440685.4070523514,4425192.378951381
440655.4363933129,4426058.396814345,442889.3011777545,4426872.682806121
442894.33599859924,4426974.762837626,443878.5626150077,4421968.139751923
442738.04380631837,4422651.482682994,443640.56541601894,4423171.989497356
444372.4717275442,4423972.446934646,452931.93576063105,4419787.985322027
453499.0238860322,4420574.783872712,453356.99883798376,4418447.899748496
453333.22436779254,4418473.573631062,453469.8125899152,4416202.92431437
453495.88529731455,4417535.795337247,450704.72739946604,4427932.448739039
449749.8859801062,4424497.825555666,456389.29004109907,4413629.539960359
453305.0812959841,4417226.178424882,464474.0840085504,4419779.885264391
466649.25319277926,4433707.407889599,454990.37137911003,4416572.2970747715
452712.80090633745,4419176.653993603,451320.27865270193,4418451.74040206
451348.20664343995,4418408.274617655,454339.1664784496,4414894.620152609
454383.7886534628,4414920.991869328,456833.6125012757,4413862.320864645
452868.89860602934,4417606.236840888,449481.22182550374,4416166.11104316
451311.698735206,4419384.146099483,451284.2527692672,4412129.778490754
450872.42886339757,4412870.51758937,445962.10150248604,4412768.235681637
447096.51656537125,4414653.863419725,446500.10318468744,4414843.377140808
446874.07829599,4415376.871204381,446877.1582591655,4415819.718337523
451533.0361130562,4421400.6144014085,446947.93140262406,4424759.908057102
447203.25097831717,4424879.119648642,448706.27740345604,4426781.308780882
448805.3527162678,4426913.837081846,450524.26487676427,4417352.467646771
450468.0410953894,4417250.717687954,456625.6326087557,4414737.007237308
455889.3746931593,4415030.912782275,456327.50573909294,4417481.332742917
456367.7052471659,4417485.542581837,451464.83432838373,4427856.524677476
451465.78705947695,4427872.05799642,452778.8488626328,4427347.666993594
453288.1245300464,4427424.44036521,459308.01332477835,4425615.07688567
458727.0904736002,4425247.484583002,456477.24146573164,4425140.137574096
456050.3374589105,4425151.468965437,450031.762759551,4425936.693413274
450013.0587175742,4425949.025722548,443921.77606197627,4417967.521086174
444153.63660043833,4417880.354391776,440108.37431347166,4414776.482184274
442255.5978531502,4416356.071961493,450400.3713673928,4420910.642315308
452241.8303842407,4420392.753107053,449261.2083474915,4427290.390942471
449365.3347146021,4427286.367517705,453623.6924347936,4421685.075068494
453971.0621335778,4422335.61524937,452502.1968638483,4423369.107278894
452299.3324548174,4422617.830838017,446862.7868387234,4412891.785739396
446714.50412749045,4412847.310212365,443849.5733979412,4432274.462146656
443904.862510648,4432251.854089526,444356.9287619077,4431886.676039889
444397.9294620006,4431893.035805549,443328.320594469,4431249.377493939
442922.84040378203,4431226.882116098,441227.18218472303,4431205.395551514
440889.6984834433,4430930.515508984,443550.1099482237,4426295.006467848
442741.5388920086,4424253.1438833345,440317.83009511343,4424491.5239002
440307.75605290063,4424513.802421713,447123.5816546511,4427056.311307575
447157.6759098787,4427048.30474501,448657.61479036626,4426655.10128962
448242.52041525795,4426506.957727136,440973.40683352674,4430171.743410788
440964.4766175317,4430230.642063748,439381.2875516454,4431286.493156891
439350.0336235768,4431433.261654837,439815.8886309326,4432721.590799933
440115.1310812456,4432370.688041846,451907.8272643186,4423793.506071853
453202.2165168275,4422750.976281494,456374.6433527324,4417951.673000859
440718.23080536054,4408724.688571949,444731.48686752556,4417882.80811544
443824.5759635976,4417071.390348322,445143.6936544382,4420288.440453984
439277.5497062975,4418801.125223814,443955.6532676931,4415129.116648463
444196.5771130281,4414983.059249247,436640.77020560484,4418693.805952562
437404.1481112675,4417457.652586546,438311.5669978034,4409668.298844999
438211.3160964148,4411664.8167161215,445675.561520208,4410962.169684033
443824.0670126737,4410719.144710173,441220.6445014201,4406947.118659376
442158.1609436112,4402773.268523356,437461.6609400678,4401463.758789407
437395.67568279826,4402405.532458205,438384.2757476985,4403918.155016934
439806.50975499966,4401603.727002475,436086.1719353229,4427872.488900167
437240.8536693736,4431758.966242384,441366.6022727266,4416377.275399859
442983.6578261534,4400102.142197917,456013.08802752773,4425798.780797618
452133.4312705471,4426258.395142742,438722.76889747346,4422831.446440668
440212.91080051695,4425922.001528224,444881.1618586912,4415526.405191904
440725.18005595944,4408737.954162417,444726.92911021534,4417961.647972661
444471.51102645695,4417043.348699111,472608.27051651897,4472698.801459358
444680.2381129878,4424247.697472495,443147.3717980795,4412340.228739863
439803.2750757948,4401628.171065609,453047.0339959635,4418772.792281776
452933.84210662486,4418988.817583139,447248.03710190183,4414057.8862685235
447085.89250267646,4414231.048430632,436270.0921662304,4409187.76312297
438510.7561709219,4408898.605368484,456334.0589751595,4417879.759679179
455910.8792990437,4425990.282346199,435897.3831439396,4415970.576148653
439041.7459635728,4408410.418221825,438289.03195183194,4404107.612314301
440724.3328860792,4408739.070672376,444735.25428170536,4417812.853638312
443262.9292678828,4417072.213610046,449636.6145186839,4421572.738529435
448993.6733927344,4419714.5168831535,454809.4423073611,4413444.48082453
455323.4202055613,4410804.28673139,448190.4828903693,4412293.295790735
448192.9380867732,4412403.162957127,449795.22321274964,4415811.07946683
448109.9964230517,4412281.632248773,445716.27584721707,4411394.757805975
445712.0694417475,4411404.77713684,451616.55747246905,4415031.24983727
451517.6836740953,4413463.541305383,450770.15618956054,4412794.590162437
450537.8939207941,4412061.314277619,453474.60746889864,4416989.837471859
439806.6316556651,4401619.265209539,434198.9801143995,4417222.650629358
434768.9583390627,4416495.161378114,446882.49996232736,4419412.588554653
445776.51978729235,4417591.164811171,441077.4611222851,4417352.9388535535
438496.2441114861,4408903.161780888,444189.4018508951,4429056.348141934
437166.5439254482,4431852.820358922,433579.4706343026,4416960.50872122
438504.7570129935,4408897.543604013,443438.2209379328,4434434.216119427
444598.41630667605,4435164.912235655,451691.70829300315,4419204.13976132
451520.0633934365,4419359.510406224,450673.3621271483,4416349.2274883585
451342.22784145206,4420150.921964787,450461.99368768436,4419742.578543558
451229.8247226097,4420345.880084068,441234.01138983556,4399416.079392528
440718.3855140284,4408744.666477523,444720.6325255192,4417918.405299389
444709.5984560211,4417693.164248448,454432.64507221786,4425952.368904258
455082.62304606254,4425406.853032707,439488.08895100205,4424111.79726787
439567.12773798447,4423739.326534125,437582.8172292184,4414947.652755511
437543.6290265111,4414965.73253338,435871.77478182357,4416484.710529251
436611.35838823277,4416489.635229873,432345.50882002397,4417504.138038219
432515.85702800896,4417626.949083312,436237.30394806754,4415618.088524603
436616.2240217402,4415530.576835187,435658.2183937176,4419649.9527091
435838.47101952013,4420048.0286237765,441314.5807935126,4416394.32442803
441841.5547799599,4415987.377334538,436248.1295104057,4418757.015071734
436242.25680233346,4418872.502116377,436053.1559079134,4422006.459288064
435193.53204532224,4422290.106375167,431861.45872468734,4424939.880772705
432293.08013743383,4423055.688476514,437606.45976530237,4428169.558087341
437620.10813111626,4428168.336174286,437078.8523071875,4431360.705710058
437556.4770751651,4431230.226660688,442112.81654864154,4424236.806334055
442137.14707452804,4401576.917201705,439827.0411330442,4401600.23613648
442819.92398488283,4400090.040937121,455739.68234379904,4428412.069143383
455721.05296388967,4428437.706376647,457266.4125189098,4420136.518500315
438535.50159130077,4408889.526981952,444706.9845480591,4435317.298707701
439666.30620681745,4433437.614567876,439928.3973332888,4423735.359444386
439936.35729348415,4423553.260217786,438286.3768254738,4418200.811258405
437484.2784038187,4418265.057959844,443971.5493310756,4417062.540671747
445039.24967708054,4418363.416376833,449445.47059002024,4417739.136099044
449825.5868445871,4418349.3168551475,453143.4196553512,4417906.449280969
440718.3511342737,4408740.226942898,444728.89854879025,4417879.496990756
444158.39364693675,4416543.932681746,441075.7760904611,4415361.67900906
440725.00719642057,4410593.794932704,444507.902411555,4418168.579183924
442517.85189424106,4416440.67020158,447807.6837163186,4416611.353528875
447702.2143804923,4416315.719635339,447772.7992684419,4415135.365794712
444836.0561983125,4414845.221116996,448315.3705994916,4424283.213091824
448331.66463605384,4424293.092172043,444753.25533528347,4417701.72779487
444165.4154304125,4415750.264210213,446828.21693768824,4410871.935523017
439761.03568434913,4400503.024013294,472860.7687769223,4420390.292302949
463492.1111660219,4417788.890198089,455511.7331846011,4411555.714450033
443020.3077461489,4400307.206954158,451315.121229407,4420322.026300701
455921.7146144424,4425797.0893653,443083.24740900076,4403939.548468975
454799.0525463733,4416313.703623002,452513.08034743916,4413581.604542573
450846.03797824244,4412091.515349104,443527.9691630372,4409666.87667191
444655.71913368924,4410604.308704335,451487.0194157434,4410786.586193165
451483.7765393154,4410949.766056843,447313.6787553039,4415019.754309502
448669.4980112007,4412292.2850378025,445995.2410642147,4414189.840710127
446310.1995867206,4412520.485920418,441301.00679894094,4419409.092776813
443769.4252987058,4418752.272946392,444967.794170817,4410693.07279704
445679.5439525256,4410800.090021663,438740.666370801,4410678.243850569
448842.8473945908,4412120.1932286,446150.55553784466,4417538.569266569
447632.4668656851,4413623.475129507,450169.15285381535,4405742.675398065
449576.81588831096,4406148.34252985,448357.006505303,4406164.2371964
453393.31669573375,4415716.130675382,457583.2193395629,4413019.0250512855
456849.50031661213,4413040.890074916,454755.4518001092,4411546.831944813
451671.65236917994,4412114.001144943,449470.4010865651,4412460.100301904
449566.220855868,4412462.797470505,450873.4178048172,4412358.83275848
447119.7157023578,4411949.884982769,445057.72432741994,4417367.65394467
446854.62723793014,4416145.089541706,447580.61662681407,4414542.8624422215
448275.54881749867,4412855.458244624,454802.14682221506,4415825.316507275
450240.2713861917,4414567.256886332,450243.68460668763,4413778.070326128
449514.8346700577,4412453.147180304,452283.87846611516,4412074.638689992
448191.6109354624,4412459.778763828,449309.92631248833,4413284.7347642565
447398.85719740234,4413605.100332486,450134.89489474666,4405740.678420488
449412.96996571304,4410242.83438027,450844.7997788027,4412431.162214708
454755.6633995987,4415916.6058870265,456086.0997071961,4427205.769110695
455263.87612553354,4426026.245212174,450106.20634077827,4424396.697217653
449075.1683488218,4424364.672189511,442580.53581553116,4427025.962833726
441847.7934535583,4425433.158392755,466647.093987184,4433604.193121403
466793.62111154466,4433367.134312828,453125.81350198964,4413364.716054249
453037.03490887134,4412974.5664044805,454630.1125558532,4417521.200367613
454395.53914045624,4416029.740701445,456931.487840923,4419537.929501839
456940.3464584414,4419593.376036495,455425.86585450766,4418388.91819953
453754.3337323092,4417585.282203909,440843.0849680594,4416451.24060505
440807.56085943215,4416390.467896129,438219.60779329407,4429458.805369277
438716.5144494608,4428632.281191722,442863.0567009138,4427016.066726112
442868.8660665287,4426993.823586547,443522.8883069305,4422161.68075629
443916.74078531034,4421815.793606626,438215.79968447785,4417190.196980192
454705.2413647361,4415920.234536459,452548.4588159582,4417210.864872823
451067.2022114499,4412431.955530733,440017.1354412379,4422855.557996987
440044.91162058414,4422694.392809839,449550.5272820868,4417856.095062383
449707.4764787954,4417806.221812081,451494.4360102146,4417344.021850932
451566.2101065599,4417339.126397564,471434.25015183084,4417529.72518004
469218.0703773523,4417374.073984856,466940.88373289374,4417365.837243602
464548.2825652026,4418645.205483267,463579.07071849646,4419353.457622099
460012.44331813324,4419261.4355901275,452923.7951755233,4420407.382140179
452686.24587740103,4420406.632252755,450461.4861874329,4418216.409310204
445580.86596712534,4411841.916918854,446326.0193164581,4409654.510478529
447033.43399415386,4411225.692022524,448763.1832876066,4407247.017877495
448766.69902759034,4410073.985028866,447895.9049823609,4411492.812743636
449115.0685931228,4411893.060202425,450576.38316394173,4411266.355085208
450575.52976464265,4411134.27894993,454550.84908645664,4409505.79231078
453696.97279958107,4411785.140891508,441127.01619483496,4414687.538156671
441131.3344480502,4414471.062820018,441417.6301799919,4414223.561779586
441628.85245491273,4415005.575820146,446613.5774518788,4419208.014333186
450695.0869420282,4423278.471206131,445666.6979577964,4414529.59349705
445377.3985016289,4414852.431194831,445052.06204921263,4416343.208084547
444004.78996653494,4417048.977334922,448189.007735647,4414094.736579513
450473.24567062117,4415944.28516017,454687.411519675,4417237.827470324
454559.0795724347,4417219.721406835,457369.72037543444,4415376.574156673
459212.38527247356,4413308.726313905,453085.5777530354,4420592.855236107
453145.72097370727,4419812.197797205,452123.270853169,4420018.336030149
458923.9755059259,4416454.670731084,458990.8827560368,4416496.488139884
453061.92678530904,4413546.026397244,452431.6232131446,4414921.797777437
452006.99008757604,4415521.597729047,448886.3841240553,4424867.637307869
451642.29214264796,4422192.4220222235,453647.8967472025,4419763.622340434
453749.3487208214,4419865.120833163,454147.54978156224,4417587.349866822
454142.4345628924,4417589.600460554,454293.5348342854,4419554.388269976
453922.36697863095,4419648.745883408,452766.21886340383,4418832.242154574
452778.83608652477,4418937.608202589,449812.9194071372,4409647.498301551
449351.5544496361,4411692.81218366,451040.11364332447,4413411.088764608
451465.8346895747,4413379.515544963,452457.3382723633,4418638.811199804
452496.89580165857,4418815.045095981,454842.92550620396,4422279.3427055655
454879.1843633056,4422343.504484965,448316.96858272783,4427160.219719553
449032.54668316536,4425907.798496171,449598.7496018342,4422306.666249547
448893.8452610312,4422542.230358105,448679.89375575824,4423118.624468774
448772.49188223406,4422153.4513967745,445787.65904182434,4418316.994995491
445664.5052245985,4418306.771272107,443198.49140150286,4418292.537925315
443073.64843939734,4418285.698388852,443012.60680864274,4418467.077574379
443495.11934804043,4419105.046784045,450252.1058991677,4421234.602955697
450366.6744635667,4423477.064777364,450847.20124997635,4424745.954345935
450952.6182558261,4423212.432043706,451515.0042662823,4423266.550165532
451734.6269489246,4423282.915020828,451313.4061039777,4412140.692116681
450814.6073014741,4412524.590622762,450802.2647087598,4419104.378702259
451067.40830514324,4419403.46813085,452747.1845657783,4412021.8150584
453913.1682827003,4421520.158325488,451695.533237077,4418863.363667769
451630.7926249399,4419840.52244856,453934.6995456732,4420275.786204864
453511.2848057387,4421044.213777897,452554.8909377353,4421954.708551151
452554.8909377353,4421954.708551151,450683.42209853587,4417244.883565099
450755.5777666768,4417564.08058243,454181.2039819743,4428436.835693344
454282.82893746486,4428445.103885689,455317.2567333997,4428573.2614416275
454111.3177471395,4427463.829698924,452571.8208269484,4428647.601438397
453630.41065244324,4428537.849018367,442877.8688400506,4431260.519486543
443656.8422079362,4431250.264945582,445305.6996665796,4427971.565131863
445278.87573413766,4426852.907365689,440586.75190639583,4426338.647778814
440988.74422752066,4426206.763191771,445631.5245806895,4426619.5065834
447141.79975017515,4427835.381095032,449625.5245247189,4426483.250055905
451982.74234663905,4423347.944286647,451600.8162483577,4422790.946812499
452965.03705777164,4422936.687253938,454264.71853512386,4420021.844324637
454311.8017012375,4420035.991338629,451280.8050686198,4421236.840059128
451153.4251794618,4421625.0263235085,460832.9615824331,4429746.0367902545
466559.67974916904,4433704.471968508,453256.336719702,4417781.444157853
451999.15703351196,4422835.045177685,455191.29617234296,4425009.962670316
455211.0593183808,4424885.532715374,440704.9510075551,4412090.1694211885
442462.67123983055,4415017.009982951,440686.11522962025,4412088.095585302
440511.5300832142,4411968.466484302,455722.88599088555,4416401.52527588
454866.04597823764,4417667.422673054,457638.5134305971,4415895.632535742
456831.23183418525,4415862.415298276,453562.8540755154,4417584.224766839
453126.5516637891,4417525.844966012,454355.3637895435,4417747.044669877
454331.1521473739,4417700.572304985,450303.6377594282,4416420.440844371
450632.7369382229,4417338.446137326,450414.14630670083,4424340.298623747
451747.48096934234,4423289.493299825,451901.13056481484,4425032.252424592
450589.6392457559,4422691.990521815,446315.87249441346,4423534.498534998
446683.8348636574,4423631.811216798,446257.0464188962,4419429.178400829
446102.48048485164,4419203.838055618,445960.31217124895,4417713.066172437
445278.83748933196,4418161.902828888,444257.13574137667,4417538.8411835525
444142.62061569764,4418010.299994328,464758.70865722094,4436562.95137764
455899.055810539,4426160.17230032,456733.33159981295,4424823.455096958
455504.9010882609,4425044.752028267,455390.95553174627,4426730.315120742
455520.75539263245,4426735.105212105,457176.6939069467,4425153.931156372
456882.52015436324,4424627.259575794,451378.5981452356,4425314.168710293
451374.9251699503,4425942.425667276,451588.61523803463,4424634.650204694
450557.20479263447,4424407.075808433,453367.52577435784,4426729.12384377
453388.3865686439,4426650.189570664,451749.6916952024,4419048.3811070975
451408.29319086316,4419522.273049191,450637.20070938783,4420406.299916816
450908.2579812492,4420966.1828257,450653.6324320904,4421624.915136655
450909.8611547313,4421613.271411419,445982.1938408262,4416335.462163201
445975.3889934374,4415615.153312313,446754.5826716088,4414793.871772891
446499.2791985939,4414847.822694167,439172.0848747367,4410917.88234915
444132.1415433202,4415526.29696681,447054.51272888447,4412787.2310236655
447016.2826007467,4412454.513661435,441616.73474453075,4410169.596617725
441558.53680146113,4410167.820995887,445661.54636514874,4438923.412570268
448047.7801499206,4439219.7016887665,449125.09201273246,4437299.899279599
449584.6264472719,4432032.228985484,446565.9606882367,4426917.020242182
446621.9846358079,4426749.022176054,443693.32025464514,4432257.858768595
443991.9630208538,4431104.600499464,443663.7872226646,4429654.061724501
444191.70360631746,4428555.732032759,443951.7729102507,4424255.242593487
444927.2033512694,4422967.2281237235,440984.9845514102,4425721.731233945
440965.8085997331,4425891.706742563,436404.8964249343,4420029.96526283
436285.3119614528,4420036.513137881,434449.4056762204,4420499.394977157
435652.7928669522,4420323.758979314,435511.0417847542,4422053.205815862
438815.1322337561,4423163.698472823,447671.4976345335,4422056.594455427
447834.94328106334,4422096.542521434,451545.09022853774,4421146.360331053
451554.90428449237,4421211.784726633,452347.3229865314,4422095.856324075
452244.4795750119,4422179.745834935,452131.46393600653,4419281.2837374415
451952.91445724305,4419291.285613144,446174.7127516179,4417812.5569424555
446160.590650711,4417749.389285398,448032.35476649913,4420727.731261117
448929.88600590883,4421546.361319451,448311.86904565105,4427163.584242259
448742.57810180297,4422151.432588478,436659.19813051075,4419986.779971928
437235.1288793357,4419980.909232152,438314.4396796266,4419874.426619193
438379.40844065737,4420300.132531,438391.65627437027,4420758.454231455
439674.1787142514,4421832.646441941,442565.3837940498,4419802.386417109
442583.3813342698,4419695.694342256,442976.67488907673,4414226.198500053
445982.51497167576,4417226.750162895,450624.9978981118,4418388.500691873
450440.4163813639,4418657.19337658,452404.3158001124,4418633.592033066
452521.1331280114,4420511.9928691555,448945.012966941,4427242.5574476635
448693.8283710808,4427214.27778046,442106.66556973197,4427021.782916088
454103.7290666523,4421668.850689409,448461.83646968583,4422198.833729567
448405.0323459742,4422389.020197413,450874.8129385869,4421610.167329895
450918.3971214253,4421612.106504831,454702.86596379644,4418113.472184699
454592.34851635055,4417926.550239093,453068.35767471616,4418209.923043005
453080.56898104056,4418249.805676109,441144.18134186993,4425327.566590662
441860.43789858953,4424740.436980806,442917.5383748717,4425400.644453331
442814.0039924263,4425259.344676966,444921.9735117207,4425197.187533768
446546.1524332224,4425190.053283556,452743.0361594097,4417572.606967275
452803.73893021425,4417298.077290095,454751.2665915137,4420365.242632567
454842.8045401799,4420094.985585475,449717.37090494664,4418270.113104799
449721.2918793223,4417957.083106125,441376.8015328111,4416369.427364188
443521.7241816856,4415884.861507847,442551.7439355442,4415945.37374696
442592.29793721135,4415880.691268188,448197.5968890634,4411196.630503217
448176.88279595505,4411548.6204386875,441155.48796932824,4425354.118682249
441863.5301510643,4424586.126853709,451692.9747371891,4419134.205446673
453439.3492445328,4416114.315412213,454873.31239712867,4419618.642679861
453624.96248154866,4423016.998377436,453505.02337237063,4420717.92952933
453506.85223203513,4420877.749749808,438643.4137733273,4418700.750357662
439137.5864005096,4418183.986074815,441880.36906927964,4415357.735001843
441884.4540827626,4415557.496509187,441460.4869298573,4417136.879254777
441455.57682369574,4417499.874878775,469370.96911882726,4440870.598102145
466697.90975344693,4433716.0738735655,446004.04424652416,4409985.317179611
446014.37817797693,4412661.311802009,442534.4906474772,4402818.166851894
447247.74966092047,4411909.042910622,450024.55240236275,4412701.753520341
451230.01094174216,4412879.32741198,451345.3033614012,4409354.571574318
452166.78645422176,4410175.176689725,450846.78442953236,4412872.902289974
453892.58472661657,4423342.807705348,453426.1604145204,4422494.31741643
452935.35686319007,4422003.407408869,456383.50397379324,4422787.601932121
447673.0947616505,4422786.934689328,447864.8699950586,4420850.969266842
451063.25035330886,4423281.6475635925,443173.1655838054,4420858.959987718
442558.5854158786,4420034.420254243,441445.75425585255,4416999.3568442585
441454.87663278065,4416962.658121759,443838.4884771263,4424065.162331114
444100.0470705147,4424209.754307223,445958.5917623856,4424221.87147895
446399.2760209458,4424219.867777203,438410.2526836634,4409064.796950958
438426.207977588,4409665.155693395,438593.06248965877,4404966.491311076
438924.0482424705,4406529.985986143,438249.533468181,4409722.07715483
438442.45357308665,4410089.02916269,439093.26476118993,4412086.186935837
439089.96912593837,4412209.418821665,445848.9374235787,4421770.744763728
445847.8122618973,4421852.8897704575,449998.6099377976,4418405.898348165
450469.5220491464,4418532.690790806,464362.61507851066,4436644.717637064
453708.61076813465,4423147.463123898,444946.65664213576,4425776.412526325
444840.02979478094,4425791.61387699,442541.48285632546,4427055.116984856
442528.7538640801,4427178.420599662,449236.6672977549,4418731.70292181
449069.59282139095,4419694.0305659175,451987.143021844,4422012.650704571
452066.7553934079,4422853.488790946,456191.1658075394,4425435.912666221
455904.856336491,4424802.678145763,452855.3119679483,4423288.108069562
451799.2978591398,4422163.678903924,450917.8661278012,4412886.874720301
450461.01267568447,4412869.842657003,449600.40978608996,4416348.4637915185
449576.4138936831,4416339.742668127,444350.2960220289,4415542.463762635
444522.97344447655,4415536.76788652,444824.8157980334,4421213.117694495
444224.0850498884,4421201.948972363,436643.7561179997,4419053.4145150315
436641.5384190445,4419300.958475832,452939.7881650772,4420783.55341992
452937.3241528095,4420522.732478755,451612.40130406345,4420713.054537756
451603.9319660261,4420455.601303079,450360.561111959,4423063.092740516
448822.01938485133,4423549.441122593,454440.3987647924,4425107.653336873
452267.9984127285,4423615.869205838,449302.833023142,4424309.8756361585
453374.84457488195,4426111.946716643,454859.0786126292,4425581.326470886
454931.6656386778,4426447.764420464,466699.7908421486,4433756.0234015165
454059.911627022,4426726.023210015,455144.03696243244,4426699.577834639
452549.85599854466,4424027.009027382,451053.047804715,4421027.409009179
450536.64677817235,4420712.186621282,450767.3258452247,4412753.540899365
450776.2339767185,4412675.788298924,451627.6449819466,4415026.739890262
452369.4335495875,4415918.905225939,454086.2751541304,4417205.901251684
454020.4353657685,4417202.9676999245,452821.2069299645,4420399.136538738
452522.73381235125,4420631.856620361,456269.28806355956,4416122.00501165
456090.6733760578,4416134.1291343365,454047.1068204763,4419502.591729634
450343.075228738,4424835.800971684,457339.8901355202,4425628.069570922
452412.69605469983,4424902.504297852,439926.2293957518,4416407.339865231
440500.35623549845,4422929.468198353,441540.0212344287,4423050.178550535
441653.327127437,4423456.670273784,438582.8556682713,4430367.167516321
442908.4118058291,4427030.156050495,444650.2590716024,4428697.788324716
445071.94793850055,4428228.542804237,442923.8202558776,4427035.59036012
454396.9432903824,4427119.138215062,439825.61621644686,4425104.776049391
439403.79725640087,4425003.78249501,438637.1592470276,4418454.386593316
438639.52695658896,4418429.9481499065,437512.5568265734,4420882.154947498
437510.348322775,4420925.462285893,441060.24115642754,4431904.871523897
441080.4331893274,4431868.085270558,439337.2987206187,4432510.058185515
439425.27444137895,4432522.676180268,440216.4785881028,4433648.603101783
440084.27465404646,4433974.873732363,441958.55180719704,4426295.875306665
441193.40467574657,4425177.339287995,441743.3996297199,4422501.404828993
445450.3348597157,4422539.459839762,447264.3338201194,4413445.08576729
447103.66849756066,4414081.083035328,454362.12621853023,4418163.229222807
453173.75821985,4417417.891552112,453827.1992117368,4415923.272399054
453801.5575574798,4415924.537389408,452781.1785617749,4420420.473138807
452752.9475640798,4420415.098272928,452842.1527734429,4418257.934759224
452780.7660645912,4417177.236384531,453737.60709215497,4415670.750315382
453652.8967974613,4415378.24218168,454342.37971691357,4416719.32521238
454381.1511284238,4416054.245088289,453641.67435750214,4413105.176997206
453611.7200119683,4413102.028929445,440549.61158425076,4411695.121145681
440516.4466737786,4411940.679329869,449401.3367322577,4410295.078054231
451263.35305507947,4412876.894921866,450987.77772049635,4422702.739035793
450970.72079045704,4422972.566413204,449139.23352642043,4424366.464054853
448128.6512604862,4424329.990604517,456336.7945900673,4421045.269683551
456335.01593699434,4421033.070588133,455207.44263702,4417725.3479880765
455216.87736285804,4417730.842285124,453168.81274973036,4418283.671708904
453293.37584838737,4422711.5690100975,449647.1637481248,4428720.787425959
449696.818017128,4428097.770274692,444168.0302783792,4429400.597834379
444187.15401573677,4428750.011184241,450335.20872656466,4424808.10341307
449650.84085309866,4424371.944758183,447768.8421314632,4424666.547184691
447768.2545673571,4424705.399812458,452072.90881382476,4421250.688946359
453216.5902407707,4422587.726268085,452359.25481862837,4422091.341961735
453056.55773520435,4423511.074576079,452013.9257338443,4420702.747772352
451228.6611354775,4421232.733638278,446215.89897384937,4425222.347701219
446425.87034965196,4425086.561933385,455180.6624904099,4413013.864691209
455166.3702523904,4413056.12557367,442871.84910979826,4417018.521972017
443031.9199837947,4416473.44650064,445803.8873243893,4415545.331507083
445781.6416624899,4415543.269476822,443774.1554033495,4414750.846385722
446001.7141021451,4415952.391580556,439239.39809849544,4417981.160198519
441433.19594943663,4417591.063574679,433119.9275119559,4416811.342096059
438769.8066874571,4421987.483895136,448017.2664308622,4424277.471912274
453809.54850635,4426410.092911779,441992.28207360127,4421753.606567209
441777.5857863506,4422056.045214684,447192.8127453755,4425344.2661366025
446448.155147586,4425219.600871125,445142.2684948286,4425786.100278806
445192.62165914715,4425782.4077358,447282.369940782,4427548.034507568
447179.63101703644,4425905.998852275,445778.1670765429,4425031.207966797
453416.98814821127,4417633.950637314,446753.8005723583,4417502.149147227
450253.2314859858,4426507.980754987,450346.4498823374,4426269.841336016
443353.0781036183,4424256.3413882265,442622.468732663,4424319.5282097915
443500.5733900526,4426293.15402115,440294.45304584806,4424233.082065017
440290.0523957317,4424216.466881132,442028.4302185278,4424034.322909029
442173.0648870317,4424185.289951065,449290.03764135996,4424312.180719592
447947.7073913069,4424346.764373138,453288.34317860636,4418681.406375976
453285.820033848,4418688.081442838,438692.4826836655,4423207.973535155
441680.48127258907,4426221.412056393,442190.35489910765,4434542.403898691
442383.6636279465,4433602.992878552,443982.67380063643,4434935.223780764
444197.73606675287,4427865.283304074,445348.24548191676,4423670.133717524
445355.90274848323,4423546.872786062,446097.3315095011,4429579.813601182
446021.15391262004,4427985.325044405,431053.9643816884,4422154.37620795
431051.28108184825,4422141.080450936,450197.02261044574,4431613.06290719
449548.22791324725,4428088.76453222,468220.4839349855,4416745.514692246
458668.38793348137,4417881.191339865,458593.3420852967,4418385.504084248
458579.2043402299,4418457.725971466,452018.5888254988,4421172.224559864
451698.6117912772,4421238.621625449,440127.4108232282,4421669.236975504
440127.4108232282,4421669.236975504,437322.60262506205,4419810.363127583
441774.112783605,4424172.789319655,445713.94483816845,4423568.732500511
449598.4014763528,4424320.123681176,451141.3444946507,4426533.307102839
454774.602326611,4426309.952580308,453461.7325199832,4424122.388778141
452741.96617147396,4424293.312202377,442888.1267575872,4426943.730094283
442910.95629286714,4427027.91701062,445088.3558866869,4425769.839393469
445216.4735574589,4425774.466296087,444333.79483442515,4420898.1275544735
444128.10341622826,4421162.693025796,443886.4964686156,4428606.81628113
443889.348564071,4427951.909427504,444234.633579849,4426726.180133769
443508.3975667291,4426311.965503332,447039.82723991416,4426552.969372877
446080.22729123285,4426443.159894735,445650.15944539476,4425282.972768853
445591.68149343063,4425225.67212288,445871.9210660885,4421036.898719835
445877.75993319124,4421016.878026509,439828.6412317457,4417693.4502151655
439701.1213335342,4419404.920546623,446385.42309541744,4412635.392055402
448186.8787267194,4414159.12756337,453966.76052147255,4414821.379758014
453478.19647681055,4416316.086324526,448237.15426911257,4411605.928957464
445995.735058357,4414380.747953637,441480.41982021066,4416502.937980357
440552.99916030926,4417955.27663074,445282.90704891447,4424205.605719859
445300.80973167985,4424201.037283101,445176.7474512213,4431279.10877644
444195.379799556,4431149.723457427,443590.3799332961,4427926.37074679
443567.30772649875,4427923.211912459,439638.16404879116,4419440.9375038855
439610.7300297061,4419430.054892948,436344.7603556769,4418762.868255673
436322.5024637916,4418758.614040784,436201.16763803374,4419069.31218292
436250.8094193552,4419077.7771098865,441286.3262057068,4416388.991802638
441307.19559848105,4416323.343621364,441884.95881333284,4415286.662734562
441892.43839752953,4415483.068520723,447393.5702372952,4423006.410815091
447143.17850530613,4422990.384147249,445786.1497065972,4422672.478966947
445787.0275904825,4422675.802606045,451967.7370254693,4420830.682042766
451962.3519436984,4420789.648055851,451551.50199851755,4421079.722893086
452530.27328289807,4421842.757456445,441229.94347201503,4425153.747681855
441282.2040788505,4425175.544089756,455148.95346547524,4427968.219425677
454095.9492277526,4426755.774408008,456176.23784098425,4426402.759293072
452939.7825204264,4417734.552071843,451683.27391999454,4417736.852477306
451675.5250053248,4417728.022020779,464369.43076561595,4436643.575679596
464393.25703746337,4436633.474302931,454549.47547613306,4427071.607880988
454405.5001435984,4427122.4167925855,454306.42927267303,4416711.770745932
453857.7434107414,4416733.3378259735,436805.0066289382,4415507.923200822
436092.12107445655,4415639.281393832,427263.3792329019,4420650.01602014
442532.87767254957,4420478.60008704,444199.9255562262,4420702.642688448
444163.17517663125,4420934.893782248,444410.65549897536,4422884.401408037
444407.44121457206,4422912.173985561,438922.25393799285,4431609.8467381615
439126.1963130426,4431611.540369504,445323.8141889254,4412860.459492134
444111.67353651626,4430674.157083807,445780.10859837086,4424224.249774044
446136.2130931286,4424218.393498035,445588.0357926958,4428179.325295083
445528.2103796948,4428288.530633477,445835.85905229516,4427977.762157183
445204.15974098427,4429754.913363173,447776.2648926893,4423382.273978575
447780.3453077688,4423354.497071932,446412.4805666528,4422939.9894520175
446415.811388487,4422927.756468237,444339.7837260948,4420899.193799814
444330.3691372009,4420897.042600918,441828.74947482307,4425958.322921749
441824.330429039,4426050.484815264,450286.88184982294,4426431.173867369
450301.64583045675,4426077.001266685,451085.6288789992,4420245.7985651195
450943.75499204046,4419975.8832942825,454015.42168224085,4422325.358016468
453516.1198661177,4421556.977011345,453841.8625211621,4423288.727562479
454042.2247691022,4422803.581363038,456156.8232246631,4422138.4793254165
455347.9046470787,4420401.6838512635,448931.43108599656,4421521.932032836
448922.68523280835,4423021.537097093,452937.1000791036,4420070.988105379
454826.94711191807,4417271.408416838,455133.89202161354,4416554.8035138305
453803.34119886154,4416360.729612314,450606.7438985077,4424407.8643559925
450378.5672728045,4424384.928449036,441716.9132981112,4422612.604494477
438380.02343153185,4420164.710385537,441170.3044455118,4425392.853432189
441127.69544072746,4425846.054032405,440198.44782237866,4425928.775009355
440021.35908524407,4425127.651430937,439806.5348304496,4424635.40489848
439603.5285260863,4423590.300638242,442053.59317207005,4424198.407542799
441821.51701247785,4424229.035815244,439172.7013533175,4427183.415163838
439459.6398587597,4426763.772541553,440101.6779942167,4427303.694955816
442594.17011880846,4427022.530048618,444209.9700704206,4425224.569980241
443565.4770138907,4427906.57584882,444234.7579540899,4425227.718325377
443988.63494917867,4425202.885395598,445973.0196562725,4416609.684714902
445974.043339737,4416150.158236345,447296.00028010446,4413448.1971814
447258.3701866189,4413448.456739092,443017.0769280646,4424551.879957982
443752.0672792776,4425200.189224708,443489.183698651,4427059.12075856
443147.20294499805,4427109.396721459,443829.917484228,4429498.5457662735
443753.43167731434,4431388.297226427,434234.7867123949,4436184.479317693
441709.2211073993,4435308.648005284,435944.9984289103,4425298.487509684
436414.9447773549,4424920.481908317,444356.50423762796,4416277.207498513
444366.7874875731,4416280.462440096,453292.7020566148,4415900.993963396
453308.9528651868,4415902.004532028,456703.4008101409,4413068.354222485
456737.1574468173,4412383.342884461,459217.60723891493,4417649.592868223
458602.80337824946,4418238.942602411,444622.1286404046,4425769.8863062365
444320.7350454048,4425774.304393123,443460.3708421112,4426283.462749027
444286.07965890487,4425472.6459920155,443264.99586282787,4416544.968432032
443257.38722334744,4416671.560085995,444007.47778231255,4426371.546592026
441760.7836766156,4427007.772169589,442036.9658504384,4426277.518198652
442564.6959598678,4425944.965441897,447699.65934013645,4421304.961735278
446402.0325299801,4422183.070493955,452785.7703246781,4413144.823171323
452934.83444652206,4415544.682674413,444644.53609479335,4415556.975056953
444474.3607366956,4416024.390289551,444361.2082012929,4417861.079196691
444134.8585627004,4417767.27618848,444150.4755463307,4418032.441660211
444163.1399300448,4418127.805338119,451533.52423032315,4421208.590763786
451797.6184343408,4421222.455846005,442200.393935049,4424185.082537314
441876.5657769635,4424391.781803002,442577.11841185443,4425667.377966726
444265.5826907174,4426055.530550468,441442.0327325275,4425193.182990923
441433.5447431185,4425199.90812841,447156.32268780866,4427591.087535608
450282.3536767068,4426522.219928092,455706.86671807687,4424531.891208198
448004.9689202535,4426478.607697507,439332.27285970084,4427387.488924763
441043.2711024137,4428395.224862384,444980.39420722367,4437033.571808855
445458.3768874174,4436155.45098902,444419.2712818056,4436322.82895822
466823.2332979023,4433506.8570328,461406.7618398701,4435348.3250378
466647.58143276593,4433715.184799324,451930.70195604215,4417256.907131166
452272.9378392036,4417578.86148889,445777.9376265402,4417550.086500589
450621.31647446146,4415968.85498186,454863.4620415654,4417664.108156461
456960.35198607313,4416624.205070603,439784.7634676817,4415055.406681074
440364.5501538306,4415605.840269784,439552.6498006221,4415223.734378963
439552.846191716,4415140.485472081,439477.86050569615,4411933.288878144
439095.21631425247,4412223.806517202,446400.1282256128,4412902.785088034
447120.7993843689,4413219.649294049,450623.7712254012,4417670.376394076
450619.64105935127,4417692.601931848,449614.5216204505,4412393.663108301
447568.73071155464,4411936.80382706,446959.4231842429,4410545.812993151
446311.84790800256,4412511.594807984,455113.9009057787,4426656.467564886
455065.0672684912,4426627.897081055,450295.4675472489,4426176.937688236
449246.7037539543,4426523.505089865,447757.6478522782,4424777.619965077
446992.99715593224,4425222.448581998,446522.4672327881,4425951.655256035
442962.45743373444,4434343.426162522,466710.518969821,4433673.840941013
465159.89983922156,4432758.436329967,464733.08862173586,4434902.592943629
459395.7165184022,4429088.719724403,455198.7258585036,4424095.325885392
455194.4165452839,4424088.6915771365,448746.985826679,4423568.814747505
448767.4467736603,4423563.127355951,451850.0971773655,4431134.005287549
451558.89938234264,4431365.617859727,447527.39736615086,4428045.825584947
447258.5216006271,4427555.969530088,446643.97566847777,4428788.989327335
446494.2027609732,4427153.947383302,444607.7906218535,4431420.871583728
444174.25095700216,4429085.318725952,444272.47634888673,4425247.421657234
443943.4427383068,4425212.097697763,445766.503150561,4422672.618749443
445856.9377944034,4421333.364023732,445481.3135969917,4418028.369264535
445413.85431791557,4418037.7310559675,449722.1977793089,4417964.846743797
449728.4878602206,4418011.422944055,440078.82463188865,4414606.889629091
440053.7079412246,4414348.465475581,441293.2081266379,4416394.48870395
441316.8299406862,4416353.238552028,445192.3722210195,4424205.146614144
445642.47382808535,4425761.423255666,442628.8736097269,4423128.480768967
441364.1153491884,4423058.189903975,439787.30757920607,4420903.81304317
439982.3037574277,4420926.695226235,441740.8878678759,4422508.083857472
441730.9879741261,4422665.775519857,446370.41881799954,4412935.181783827
447034.2622566195,4412827.329166243,447548.1987657414,4414554.1843353575
447691.039346046,4414558.754842681,444688.4367561883,4416305.874844683
444596.94501016295,4416304.318149601,452735.38136713277,4418130.952474179
452991.032207302,4418144.912673685,458543.84952766716,4408307.727531832
458160.30386096856,4407969.072025746,452646.4706554845,4413301.074828966
452646.5367790194,4413449.80490546,454602.9686541644,4412520.027601193
454621.67027764214,4411923.888056601,469868.2018654321,4415766.559320071
463777.0279070543,4418209.300704526,456618.62919090164,4421024.792154817
456683.68771195406,4420745.828954355,454242.8115983167,4423347.356107862
453693.90833975497,4423117.583974241,452940.416540272,4420746.921481102
452942.7109846616,4420564.876990607,441092.00681305054,4426641.075646251
441138.8829529212,4426961.497422443,442251.93811700057,4426814.223344018
443015.142527443,4427031.576103569,443925.36005357985,4431098.431688088
444178.6305529175,4428984.278716506,444758.8881911083,4418125.690063653
443299.1718707789,4418268.480096584,443606.9783975835,4426364.513288096
443589.8862145162,4426362.419982988,440112.0321686652,4426232.479435989
440000.22735420626,4426238.909736853,433232.23199574155,4420363.434773498
437791.16535196325,4420364.846638156,440501.8103600942,4417967.88512094
438672.0246247879,4419601.819362027,451809.90330094716,4431119.830518613
451646.6535931114,4431345.079713809,457607.0554269919,4417313.180484501
455948.2569111613,4417233.777816231,455913.3050290891,4418730.165398689
454928.3375450243,4420108.908842207,454462.18741994933,4422037.421007646
454039.06913063774,4422846.888150364,441668.85972551606,4416437.118465504
441395.23162270366,4416431.44376462,444930.1014736845,4416621.574770171
446004.6180341273,4417692.773499722,441698.79822320567,4416439.109758737
440702.83812643774,4416446.778530417,439956.97113877506,4416402.658228471
440081.80503797694,4416403.897654094,441881.96089584427,4415342.183470158
441857.22150195687,4415012.714084678,441394.967438286,4414502.335058738
441121.26998967375,4414718.661302055,449938.569336876,4415896.71385044
450285.17978649755,4416736.893852182,442990.41568411293,4415609.0998208895
441278.5511250862,4415488.872981846,434773.0088715683,4409451.227435013
434617.1188834609,4409534.695308205,437408.9271764471,4418144.688162368
437408.84525726526,4418134.699050397,436649.894465742,4419792.61051584
438417.27410342044,4420333.126005453,446432.7093965946,4434657.804851257
441631.59523209743,4435749.912392071,441910.6366345813,4436330.518766298
466790.1703710762,4433358.269900862,440479.8068945642,4415254.193122358
440799.9634717151,4415189.547549893,458979.2582930142,4411621.793846226
455892.7183489879,4418569.3443222605,454469.3779982013,4420093.875748615
453925.33577298076,4419291.328281,457324.2670167465,4420397.028429368
457338.01878902223,4420411.380601757,463576.86347128305,4419965.033423671
463569.8791708875,4419933.989036706,457302.4337499467,4420312.795838179
456923.42935572466,4420229.462272055,458418.4727570162,4417663.893538837
458479.59702281083,4417901.084705525,457438.97919115203,4411536.977417011
456742.47171130986,4413171.355594358,454294.6386548627,4428705.871630276
466801.268812503,4433360.441255851,454568.8945538599,4420733.7160846
453447.6477447462,4419856.966657027,460978.459966112,4422498.525873765
466795.35133118794,4433372.676435671,444289.47758222173,4437459.300535274
446812.60578118113,4436534.332372593,450554.7280381417,4427049.895268542
454056.5601219606,4428009.146048459,457403.93547707924,4431877.816413279
466268.44389718503,4431313.846208061,444262.70304529474,4419471.2372258445
444214.09059968835,4419484.912059612,443028.6183702663,4413163.586345991
443722.29732741066,4412469.169476968,448377.62293226086,4424521.431920184
447773.33118944336,4424823.020767137,451254.1782091976,4421214.811327796
451345.5871660479,4421213.117539034,452920.9707612894,4420780.339745852
452927.0660617373,4420660.4284689035,449613.0069847174,4416832.315133422
449606.13157312287,4416826.810799016,446010.98476317764,4419196.715269818
445914.29416044784,4418336.075655055,444468.86736261257,4419851.559805121
444467.2633734968,4419866.000958663,455199.61343781685,4426133.177897997
454505.9096762384,4426067.365235244,446393.04242943384,4423091.080779893
446475.9662565574,4422857.406246444,453522.167938659,4422128.560197383
453586.37867595523,4422151.477730999,456314.29841264896,4422635.936885885
466765.27024541923,4432931.05303042,454726.50274380227,4428701.069030952
466925.2456973954,4433427.606534224,457890.0290775574,4421653.655883037
458526.0782115832,4421889.914329938,457086.41499873035,4427316.606685925
463306.97610170464,4431686.077673462,443301.1122461381,4417609.149797531
443225.70117720397,4418273.466136698,443164.82055328885,4423406.396661488
442659.40347211866,4423666.586734132,433168.07897624915,4427075.047275839
435026.59194462566,4428054.623382511,441611.20826449816,4423533.581104935
441611.0551616148,4423513.602752241,437433.5498589625,4421354.544753316
437440.0204316892,4421310.092399012,436634.37786653504,4418850.366116927
436635.4051181209,4418768.219111,437884.7271511617,4418211.839406936
437948.24882284226,4418350.069521776,439128.23426338425,4415616.702583893
441325.9184448081,4416312.10012875,436243.99396028,4419591.755476829
436242.58983706025,4419730.5149674285,445203.0915705605,4410694.713653019
445136.6028238218,4412160.315326326,446877.3517030586,4415355.759468786
458596.6583823382,4418366.617357688,446305.26995756995,4427117.53915451
446605.0351202074,4427132.0795856025,450254.20313721645,4427048.523825971
451393.9225995159,4426510.600899547,454773.14208925655,4427500.93549888
455439.1278418436,4427229.508991312,456916.1855572381,4427557.316582031
457828.3937981716,4428724.307185739,466795.4700343235,4433790.012537735
456601.96955216373,4427395.940212624,448420.6373228275,4420402.099351308
448705.1832304294,4419894.043171778,453243.2373411164,4415921.275399672
452557.44092318456,4417143.102964996,453857.8472436086,4422260.823742414
453895.38661951304,4422252.826990117,452408.823418827,4420725.8017837815
452399.4110622963,4420723.64064502,452946.8271994821,4420678.065572645
452943.04139921645,4420756.894754251,452939.3541055688,4421958.984995483
452941.09690567094,4421964.5239529535,447781.03208431054,4423330.073298557
447798.46473941405,4422632.900913185,442068.0157420818,4420813.997312115
442042.2821929408,4420800.8732379405,444379.60946578236,4419212.873502954
444550.2434973946,4418819.816285875,443556.2586865854,4425281.556013091
445660.2525642513,4425620.330549155,444397.08162741957,4420788.88958321
444397.7660925394,4420765.575400571,444064.3119482583,4421435.101736896
444075.9307632045,4421388.3980379645,452931.4396654606,4417629.159602878
453051.6461809862,4417577.362308685,453626.07773076947,4416734.741308378
454347.30863582646,4416542.8167081345,453498.98275797383,4417342.647910748
453793.26973302715,4417521.780192513,454119.55541672994,4427838.943368054
454508.29279577394,4428608.025046708,438189.40331034333,4413081.30737019
437447.81749650836,4416109.786825579,441372.50994407985,4416367.240386869
441328.6281543092,4416330.948661014,437044.6800365519,4415642.470760982
441323.6692308178,4416353.185998789,439741.5343216881,4423867.812671649
439923.339225975,4423635.501256878,451438.43968712696,4426261.686983576
457075.4592194711,4427947.1170122875,444027.0774195955,4420319.862537751
444142.2062853239,4420871.779498137,440421.88139215,4421632.520850953
440412.3537347414,4421615.945709545,466109.080168205,4432695.3157525435
465122.28754479456,4431626.472114931,435384.1344858131,4420586.877034254
435618.91003129765,4420561.581763477,437239.7110725221,4419499.140525517
437567.4898182465,4419659.617842,439353.0807705299,4424747.780309557
440706.46990640275,4425155.585612759,440930.2070553144,4425154.956811829
441059.08967659576,4425146.188334822,443409.03960846877,4424201.536896705
443435.54748817626,4424205.779893573,444936.11019767297,4422663.033703722
445334.1459157551,4422538.072403482,446252.37376974605,4423129.810336815
446406.1279041289,4423129.837354994,459096.0904631606,4428761.782155333
466482.6750159756,4433650.424451464,456797.7394205616,4418706.238004239
456106.25171925843,4418397.183786442,454828.3469932422,4417363.52442438
453909.28428361786,4417199.198201183,443005.73538876633,4415828.756842534
443215.45007194596,4415860.493494794,445959.07591921295,4417900.656876033
445951.4679317693,4418274.764867409,451226.3048491233,4420463.556700168
451146.00049564085,4420599.483958101,451752.3496250282,4424732.396844835
451542.5631180567,4424242.020501381,449283.5085491173,4424357.732373677
449172.15457823925,4424308.526592701,445774.29492334434,4422567.116987337
445777.32484375883,4422512.707336405,452245.68797003874,4416775.437880175
452387.27169527166,4416585.864686586,451931.6987149713,4419857.4893566845
451941.2158044568,4420011.711326499,452342.6620197874,4420393.232309906
452519.91938192473,4420454.2834587805,450174.5160007498,4431824.10408234
444232.77191615215,4426938.1985281035,451124.3966125201,4435444.199734017
449987.599832804,4435311.748418563,448707.40089056233,4435924.118749827
449393.4022904882,4435215.789018315,464676.04397845775,4418735.62605075
463928.88834906573,4418150.865836749,468674.550475366,4413651.44832202
459324.86189424805,4418528.080123075,466298.57756876433,4419219.97905415
458780.2785814209,4419290.191706094,453930.3559376188,4419556.572854473
452186.29831125255,4420394.210992184,456924.40489539364,4420099.594729915
451464.3967629652,4424305.7853407,451178.92927024246,4424671.673787033
443407.7194143488,4431369.77397236,443772.4590609315,4430038.420118363
443753.01976386906,4429948.655575036,444182.88392975443,4427935.320641501
443134.7628455865,4427272.656139659,456597.95537126943,4418892.730054317
456916.9780765785,4418784.368846328,447328.8232702397,4415355.963045148
451901.5354553921,4414932.886143804,454248.9627541922,4415395.737606301
454503.31564102875,4415894.796424782,444113.38891106064,4424514.897755187
443184.4363067875,4426493.082422325,442720.68583404017,4436100.142250297
443571.5838400181,4434475.403330168,445434.92898762674,4435859.253421657
443246.95157438866,4434405.6737066675,440257.04751030414,4432082.082698455
443455.3900195696,4431469.31758697,449367.56887997885,4426467.202191274
449254.4985754057,4435997.029112562,448868.5719557948,4441991.304136936
449257.05181686435,4433061.131867589,449023.394304282,4430529.746235676
448712.2897060851,4428053.2852482665,445385.10877579293,4427974.324609121
445496.7162197963,4427943.555049676,470860.9891431828,4414019.055115333
470978.4965942579,4415011.967305885,470135.02882724017,4416005.250214311
454173.81625900563,4419968.002994684,456600.518081885,4423395.718748803
449344.9381397152,4426530.620441925,450472.3655001275,4417258.459216629
444099.4589176385,4428664.077018616,444945.2625205406,4434893.772349536
443303.1507810537,4434393.043975683,444001.43876935606,4431116.740467645
443525.0262027221,4428667.210182825,449242.26406986255,4428673.530175172
449121.278950088,4428451.23579111,448314.63671333133,4428073.7357307
448932.0714840332,4428367.036415635,443598.4198667091,4435905.97951121
443155.0225123287,4436366.604305892,453659.7970606994,4442704.160857671
460848.2114806433,4407569.720054518,459035.70924235065,4404421.526635088
458489.04535650916,4407986.151178314,455931.4906218507,4406305.609323161
458705.6778565956,4408004.958127779,457716.7559265626,4405759.463496728
457685.43651310843,4405824.010903648,442570.49027711793,4426599.8075176645
452657.4310634344,4421958.510803483,454705.319490838,4425427.957145947
454848.66873407294,4415884.977493894,456977.3518779363,4416303.340841982
456826.8567058119,4415844.681234612,448163.94423209614,4412290.145840903
455788.95637519105,4413931.558267753,443380.79711116897,4408163.9907703195
444676.28629950853,4410963.781591007,450276.3001934432,4414978.808872692
454504.35172158567,4414920.272973863,456969.6309025196,4416146.884925374
455827.7788641013,4415764.929636287,453460.15451077325,4415038.665386652
453727.2512084999,4415090.319570554,453789.8355713035,4412854.546620295
464828.1260027079,4436639.215559054,443294.71627850644,4427313.641663991
443399.62334448105,4427185.21349928,445743.97118782287,4429337.022452798
440920.0505293755,4425496.9090406075,457333.17080775154,4418016.179996985
456164.0899723508,4417901.822597486,457394.34982114384,4419482.053797933
457067.3071317835,4419224.1636038255,457917.62436141534,4418757.696084932
457496.15538024995,4418428.163611114,465270.1094085256,4416877.124907129
462288.95201404276,4416816.902833696,455319.7784598743,4420122.144873287
452942.97975901654,4420746.905663699,442813.0078753267,4437035.170309245
449238.24544415815,4417683.904208217,449997.18625033426,4412310.125950866
453260.9683364845,4412808.924855358,452619.4876131687,4411845.016941498
448342.5360973636,4406176.543938883,452477.8560903365,4412042.352794367
456745.7031802444,4413288.988848379,466697.729669493,4433675.006950937
454877.2287451392,4414930.270814943,448481.2010374545,4413672.094151653
453350.2840855984,4413428.828549935,447319.54223223403,4411899.668507632
449367.24065198476,4411348.62903395,457779.71729632834,4403978.830935981
458793.92955750006,4408023.35110594,450135.55359044624,4412016.200180379
450102.1573053694,4412010.868358492,452132.42101430247,4412066.705844152
453654.1312910575,4413466.937558429,454864.5858664372,4417709.608714292
454819.88543814677,4417233.712547003,455544.63196307997,4416621.216785584
459144.73266116023,4414572.172889131,455223.48063657456,4410831.509093693
455260.3443583687,4410698.103144569,452384.5763169242,4408598.838095549
455575.7915450499,4411832.822070927,454837.19276008126,4417124.836908502
454827.2185289727,4417028.331938529,453158.2597042896,4413495.488655083
453081.28327453224,4413494.8508508755,451448.9447044524,4418389.874019955
451995.3706160876,4419247.730669735,453880.9908365486,4423261.851985774
453834.726953815,4423238.823326335,446393.58163274155,4412945.00881494
454767.7742775622,4413340.394384931,451129.0731052959,4421024.701479419
453797.8512256728,4420395.377403728,458230.9713197366,4422133.490904675
461760.98840208654,4408505.194568313,454728.30165770324,4425415.611069623
454697.2449726105,4425362.518393494,454394.24503852526,4422104.423622109
456160.2247419952,4420501.304975533,446385.1470829232,4425609.64180988
446382.4664597299,4425228.94281928,443849.610559732,4424878.687912073
440536.89794012386,4426186.969595763,439090.4674811202,4418706.048675883
440873.842071751,4417993.853241449,431495.8305402432,4418367.520536169
434103.3452878745,4417235.685318212,435897.6343672585,4417222.628871379
439102.56989841285,4418187.595307062,433263.36271429004,4416691.318595591
433535.31454062933,4417485.916308062,442305.84637980955,4399290.298051077
443758.8103663475,4404510.618923107,448001.58781225415,4403871.316179313
448053.8220632913,4403870.9621004835,454317.5253916383,4401222.8022847725
457221.8948420388,4406520.276691208,452041.4614103759,4416381.580710061
453378.17988623574,4417297.877397532,443536.1184687718,4432917.246143558
440571.4056853742,4432130.677147535,461220.3322159385,4437414.895898436
452741.61171910993,4422996.896659351,451207.4900233304,4425930.177457001
451138.3157916931,4425928.4011937585,453781.3203217349,4425416.860431821
453433.8671405436,4418158.846988994,463370.3912345516,4416826.067063873
458243.49502378464,4408000.805233754,446269.6687879431,4412717.230466033
450168.28445399477,4411919.422730076,448800.89939850866,4410198.068509112
449984.777928732,4410543.196033896,437301.56753225776,4422759.757639752
437248.0899033604,4421970.9992702855,442168.5001944734,4420318.18932493
453445.29748543754,4420451.908350601,452404.281212567,4420682.542381887
452495.10200842493,4420585.411134082,457769.58951107337,4411764.897269934
456741.23444961465,4412952.708375257,457019.3474707833,4414194.2503713565
453415.6790549078,4414616.053174143,460274.34255499736,4413256.517150822
456944.9622879881,4413437.703117024,444303.1644203056,4402001.529793682
461765.2894161552,4408509.61269661,454719.74964546616,4425413.442029185
454456.6231686807,4425107.5562883215,453729.5057960303,4427428.4034345215
454497.19754043774,4427609.13576778,454301.98833239486,4427655.813588126
455895.15835449414,4426076.949053736,442302.27996101,4401551.255110611
442373.35817250004,4401548.501078164,444347.88201027684,4401081.074933881
444828.46031390043,4402509.410909714,441300.85109842865,4416387.770179087
441623.5414639445,4416436.354805772,448418.5525765256,4424764.235498924
447718.18678909016,4425871.20252224,442304.13852492947,4437279.892350518
441644.94416405587,4436265.957622606,445012.7713844685,4435147.46960206
444719.96244658093,4434874.319870149,441812.95565285545,4436269.107426441
439610.6500034779,4433733.316038749,442611.0859985827,4416219.087237259
442044.7291050108,4420335.778331293,442613.6255873841,4417921.746318891
458555.1424454931,4408022.420076111,453072.44924745476,4412752.363493959
455972.8986846123,4412311.120840224,454769.56161980034,4412919.722596632
455845.15946761996,4418769.407022588,453498.81859395746,4419700.153238865
453620.1768604417,4419842.596433036,452644.4713937782,4416565.396404704
452822.2510747874,4416558.746283009,448956.16141955735,4420621.596315253
449114.69336996565,4421202.150747072,450756.68852500257,4421575.411083763
454266.06696821435,4420389.225527309,455221.9396251563,4424993.133271562
454871.39499844715,4424921.946162282,454485.09650649526,4420723.116394552
455849.0858161538,4418709.447998017,456264.1016621621,4418946.803113725
455810.2782094822,4415252.245037518,454820.63654074335,4408677.306822719
449332.31027185725,4412790.664885621,451188.77107278106,4418603.532408949
451525.38823187933,4419390.554945613,453618.21115560556,4417550.590186439
453808.19030175987,4417586.066051644,454849.5620875197,4416469.904892298
455214.684460568,4415899.471415931,461074.6575939123,4419253.7223662725
458628.5885833015,4418107.831617643,455758.8495993988,4416558.926589797
455857.17433076486,4416412.957031741,454628.8224764492,4414425.6152485665
454370.67857977,4414014.259628357,453587.08201362984,4417491.952878572
461564.5275159265,4407556.102213969,445316.8008624444,4426427.516497813
440695.9271549417,4425994.812399127,444001.4307345458,4414608.213372712
444655.0773478793,4415241.672458638,446019.064710236,4416350.74074016
446018.8714804813,4417169.8854995025,434336.29795605753,4416887.36340735
437874.1114550494,4416802.259432951,441296.5339013364,4416382.25355497
441815.5814175219,4416393.820624731,451488.18853574095,4410701.114402375
451474.1689055996,4411458.173932157,448544.8219895146,4411942.383179683
450767.1829012349,4412731.343178233,440833.07703389553,4400203.882076184
442282.92277301213,4400116.258398103,444433.43972683133,4428696.03919135
449945.0113419676,4420397.492085638,450903.66207946435,4412006.790439183
451873.3801172094,4411546.665597862,452542.86506074603,4412041.949075397
458421.55539317016,4408008.715520247,449802.4998475008,4416657.916153613
451512.1253992878,4415956.48795489,441834.83778950636,4420825.7620240925
444707.7735148805,4414252.325254427,451112.12677438156,4421446.589633773
452184.09266070276,4422222.3023357205,441430.8395853013,4416392.321918562
445550.6422417014,4415523.823565206,445679.4314730543,4416680.584565054
454162.32216133975,4414921.207462566,455960.09032034467,4416617.699392677
455923.8015662404,4416551.313113919,451659.61063826806,4419128.8670549905
454628.7300740806,4416713.178611402,453552.8145516029,4418884.020326806
453685.63215827435,4419222.853615736,454322.5071083426,4417827.156400179
454323.34855672915,4417824.931498451,473491.97280845355,4417618.863642861
463954.83327946847,4405875.195142945,454479.09840954014,4412546.29232346
455121.6565464877,4430430.252392438,451636.5490432339,4423441.149616394
452511.94948604057,4413399.583131258,450484.0767698722,4412865.253507055
450333.50225521275,4412859.570642027,442393.1948814086,4414308.271616001
442453.954150176,4414200.148164256,440094.5379587524,4419441.780178912
439938.0910405492,4419435.240445563,437397.70948036975,4417402.206645845
437389.9536481061,4415934.885349015,446279.13181426504,4412724.933566736
446023.5347219597,4412746.712786842,452905.5741434489,4422022.460391496
451291.90456761874,4421235.659198996,445152.8843470816,4415501.140359904
445999.60264619946,4414443.987562581,451449.7561378032,4419323.329411251
451687.948061711,4417800.08940229,447208.46035471826,4412165.709991752
447847.85452173644,4410091.291698082,447007.027231057,4421713.768394491
445965.13067968725,4414285.508925854,446698.4658218316,4413245.891274528
447721.1356849524,4412832.590808247,448923.12018848496,4422704.087334603
449502.5464199701,4423001.023184777,454253.98939812224,4426345.251892079
454333.26728886314,4426039.540257683,443899.72426818195,4420431.794438965
444227.8786802518,4420201.845617598,441470.09749562514,4415936.936848536
442100.20844023884,4415594.706597402,444943.6754713127,4416607.047500135
445045.1346563604,4416449.813344781,445110.47085003415,4412452.4183675535
443486.64331888023,4410559.577699909,444449.51374395477,4404821.913371825
445363.03914312314,4405170.52507213,446985.97804282,4410426.865676157
447028.7116993863,4411532.067752089,445967.3000871516,4415317.744392657
445942.5014493085,4414954.966923863,451442.21741911257,4411950.075152013
451471.37824166723,4411962.0992657095,450845.74787467683,4412445.585227502
448112.702389008,4412176.169835828,452592.9897641315,4413365.782209116
452658.74543297425,4413073.463425399,456854.20593384147,4408110.619531244
454021.5938170191,4409575.548793443,430180.4729001654,4421183.303213344
430164.5653656798,4421125.728713182,441140.89081897907,4411379.7606680235
441948.06603403995,4411097.213958636,442168.610311041,4411525.094369516
442984.86995019665,4412687.743339665,444976.60923301865,4406919.21638666
447838.4882704098,4410098.015146716,446990.0260427923,4421726.096116391
447877.93553890975,4420512.344379176,446642.0391975752,4418633.969722732
446833.2160974852,4416508.191443167,442996.413576457,4415839.925973428
443036.12426429294,4415432.275826744,445799.4985283063,4418299.151644513
446832.43848759227,4416519.296336859,447339.86166790174,4413483.413001105
447587.89985398564,4413485.037992441,447359.77729604905,4416745.4018941615
446817.3056270967,4416556.0300012175,446486.8047824157,4420263.3591634035
446488.62273632654,4420278.8857835345,448316.87853336,4424757.155073744
448316.87853336,4424757.155073744,446738.18957657076,4413423.2052106755
446841.86571373034,4413450.2320556035,454828.4291141034,4416943.970047685
453169.21432946116,4414027.07729931,452958.8875320799,4413896.287469558
453035.6784575661,4413728.215926143,463744.01111655077,4427611.625212862
458237.40840933647,4420657.246776682,457945.8813945742,4419232.589424987
456945.22220469784,4419245.94025062,455442.68036615127,4419365.560747316
455440.3554203884,4419260.130651204,442829.07007209986,4415414.953411012
447022.56777034287,4410027.035088534,448623.79415668687,4409689.796762518
448659.22569995787,4409741.725768194,448876.81369893055,4410674.8318631705
448361.2758609299,4411490.766538447,452002.42432939727,4412070.850470492
451707.5570490628,4412110.444524254,454451.8704497999,4417589.967689446
454407.40975532855,4417588.013245207,451144.5805347378,4411422.534528885
445805.5589976229,4412886.997815483,449401.2330639063,4410538.153665456
449423.9205628463,4409698.896123875,448118.5605921973,4407108.176721465
448234.0446328359,4407097.405971009,446275.6648164108,4410038.902246364
447852.88225394604,4410075.718352973,447001.0239536947,4421710.480257309
445971.9490668029,4414645.083382645,450767.4092716323,4412633.66770656
450774.06107913895,4412736.848549104,450509.07590905274,4414876.293193681
450912.902410847,4414910.315848327,453599.9071291863,4421707.4186277045
453611.52962095174,4421651.850827263,462091.21559607086,4434769.922650745
455867.24186436203,4419336.454574327,458891.39301125734,4417071.962785358
459230.2055878554,4417287.690754518,459694.5271782087,4414725.751228185
455489.33691367175,4411529.206683091,453321.7321212247,4413094.914728751
451780.3408547628,4412122.194433483,446183.14088673645,4423123.639213802
445872.6346170078,4421257.775382045,446373.1373733,4419774.667280441
446781.99236716767,4417254.433800403,445991.67904372455,4414532.839282393
445957.37261518324,4414518.652538634,445398.09148142353,4413918.817179294
445948.1113056474,4413450.950259277,445846.9306598174,4412569.26072798
470952.96795192943,4415044.251415181,456932.3344225396,4417567.800605923
456921.2162978081,4417566.75341399,461401.2006514859,4418088.866268192
461088.9429268042,4417697.540142868,457385.03696197283,4418426.563446043
457320.0267860171,4418416.937395322,452746.10513835336,4420414.030723833
452018.26661459875,4422614.045446041,444374.84586789995,4421371.781853927
444503.5093252188,4422027.942261687,444281.63867152383,4415859.300854589
444371.4340352047,4415861.976175219,440561.12478334666,4420643.558574856
441842.5969674171,4421170.903086096,440270.5003998598,4426187.9451207295
440824.70101712266,4426193.606835151,442464.51066329255,4427263.264339741
444654.4775604104,4426343.5056251595,452472.1042345477,4417578.728778674
452613.9946538135,4417577.846659919,453287.03128746233,4422094.479395502
453463.75995254057,4422216.602025544,446938.55767322925,4424885.399088079
446941.1349846705,4424887.601056294,444426.16604439367,4422317.096352331
445393.7656760941,4421201.252093005,445401.7237529695,4419925.852682416
445370.1666489735,4419815.0828791885,448783.5598412051,4416928.849237618
450604.87155583996,4415937.883055791,453143.37798041967,4406872.67313833
453880.2393484848,4415928.501583561,452538.64487286034,4422912.692244425
452441.2701822356,4422913.299322644,453727.91436998144,4415482.120842446
453239.49646519305,4417544.021173978,468512.2804810638,4414949.590287338
454613.446176578,4417593.445025918,448930.1247829237,4422729.569328721
448941.066612211,4422832.721719205,453686.6250190456,4422762.446341907
453189.516724191,4422073.988697282,446158.28617242194,4417665.049210455
446168.3068757087,4417752.664719279,447683.27049299097,4422527.13497944
447797.48129921115,4422614.038392525,448438.0483157325,4421207.8064587
448588.43051200773,4421209.010891635,448945.09557614254,4422158.953062231
448923.7711824692,4422418.824926489,459106.7861974846,4428687.35849317
456833.745111977,4427471.2081077155,454289.1506307032,4425802.276291309
454284.84145316243,4425795.642481575,452985.3779111376,4426922.386458344
453003.00960603525,4425767.928692416,447210.1671948805,4424768.075550152
448228.63164497894,4423709.954026089,450480.6040440012,4421424.0265249135
