origin	destination	number
450	381	9
408	295	4
313	332	12
332	146	17
170	219	36
219	159	29
159	497	1
508	540	16
510	479	9
497	340	2
299	296	12
296	245	13
245	148	10
148	179	5
180	272	5
487	468	78
468	230	1
237	319	32
277	238	2
244	449	2
558	520	45
505	223	5
98	204	1
458	288	4
288	132	1
339	506	7
506	527	95
527	429	11
444	465	54
463	374	2
424	322	111
322	253	105
270	560	7
490	193	2
328	336	21
336	201	9
225	193	35
288	245	12
338	337	3
375	143	14
143	170	11
197	208	14
219	242	70
450	488	5
488	533	9
533	280	9
276	194	2
221	263	10
263	557	1
557	555	23
499	521	5
521	293	8
293	203	7
237	392	6
376	534	3
534	424	4
476	456	56
446	148	1
497	491	45
491	530	9
532	533	12
438	301	36
61	292	3
265	423	3
378	169	1
126	142	2
142	226	14
159	129	16
129	229	7
175	143	85
143	253	9
282	366	1
295	272	16
83	572	1
375	248	60
375	377	49
292	525	2
520	471	2
471	215	1
215	291	10
291	283	72
283	217	17
216	347	5
413	237	45
237	347	19
347	451	1
569	381	3
471	319	7
320	262	4
309	300	21
306	288	31
243	237	152
111	292	2
269	242	2
242	219	51
198	469	1
469	292	3
243	127	11
558	8	1
9	9	2
227	160	19
167	126	2
173	142	49
142	143	41
159	258	5
241	197	23
174	225	3
199	199	23
142	151	34
142	174	66
197	25	4
85	143	7
253	558	16
513	486	23
490	571	3
172	266	7
253	356	24
356	321	25
289	272	2
568	527	3
429	285	6
253	275	112
143	457	1
457	300	2
300	279	34
354	398	1
398	306	34
275	290	57
290	248	35
280	473	3
459	492	21
449	467	7
468	364	10
364	296	25
295	293	33
520	499	44
520	541	34
541	500	23
500	511	2
523	492	52
486	543	30
543	333	17
375	393	68
393	421	33
421	240	1
240	204	27
208	104	1
210	148	18
148	90	5
567	495	21
442	506	27
506	413	18
413	401	24
413	451	6
461	419	3
422	394	24
394	438	108
438	375	51
375	296	14
296	391	6
423	532	4
422	413	2
413	369	98
369	404	31
435	351	3
351	212	7
257	307	4
337	333	27
395	534	5
551	546	6
424	434	10
434	421	17
421	290	11
290	322	175
322	506	12
496	509	37
509	493	20
494	275	3
275	373	48
373	306	22
306	237	21
239	237	45
237	124	18
124	506	3
496	333	4
253	373	76
476	424	298
424	319	3
319	218	4
218	267	21
125	143	41
175	106	31
98	143	15
476	438	241
438	452	15
434	403	28
474	382	3
361	272	10
267	464	3
464	467	11
467	83	2
83	16	3
34	83	6
87	149	5
147	418	1
418	306	2
476	512	22
512	571	33
571	339	2
370	450	9
446	499	8
520	478	73
450	175	5
175	245	21
245	243	29
243	407	3
425	347	3
347	347	64
347	398	1
398	394	81
394	455	26
458	513	2
478	472	36
543	426	2
426	516	5
514	512	155
512	550	23
516	494	30
288	325	2
521	521	243
497	497	42
510	480	13
480	462	29
462	472	15
487	322	9
322	461	8
542	466	21
466	583	24
305	304	24
304	395	4
409	435	1
435	413	15
462	466	32
472	523	38
525	501	70
478	527	13
527	512	52
512	386	56
386	567	6
567	529	31
510	530	12
545	512	116
512	388	14
388	316	1
342	146	14
188	201	9
253	124	6
204	267	12
303	466	4
567	365	1
365	347	27
347	237	19
237	218	45
218	468	4
468	441	39
441	394	11
395	394	63
450	496	6
496	547	3
543	558	53
288	287	40
547	253	7
253	216	2
382	386	47
386	442	46
279	295	16
248	298	19
256	231	2
231	231	184
231	132	9
149	146	12
171	307	3
307	142	8
159	96	20
148	541	6
537	521	17
534	487	17
516	516	74
475	469	8
550	565	10
572	510	48
510	442	28
417	295	16
295	306	34
306	203	6
203	237	68
237	466	14
512	462	29
460	399	16
399	439	9
439	146	4
148	197	13
197	243	11
243	288	6
172	150	12
408	476	29
476	398	137
398	526	4
526	527	36
572	292	2
294	529	4
529	524	4
524	402	2
369	317	27
256	318	14
372	437	69
476	267	12
272	243	18
296	267	33
272	231	70
231	218	23
218	213	66
213	226	5
248	237	52
237	112	19
112	308	3
308	413	76
294	465	9
465	549	2
460	413	7
413	347	92
347	320	31
320	232	16
237	413	37
413	109	2
166	219	34
304	530	2
530	539	16
523	537	13
558	391	5
370	227	8
275	424	45
424	395	65
395	398	29
398	438	82
438	468	17
434	383	4
383	332	12
334	510	6
514	386	10
386	405	27
405	288	1
275	253	118
253	270	81
270	547	8
570	184	2
232	237	27
237	233	19
237	471	20
471	523	2
386	435	17
401	413	6
369	485	10
491	491	191
491	465	47
465	442	61
442	467	42
318	266	6
270	237	5
237	296	36
296	394	12
394	492	6
492	490	28
470	442	10
428	252	2
252	375	35
375	376	71
229	225	37
225	495	1
562	563	15
373	475	43
534	276	4
572	561	6
561	562	97
456	523	6
523	505	12
131	85	15
105	453	1
413	361	4
398	395	54
395	160	7
167	194	5
201	195	11
513	543	83
547	547	88
267	487	2
383	297	15
168	150	6
321	373	69
373	252	44
252	390	3
423	421	27
424	498	116
498	424	84
321	324	9
223	74	1
142	336	8
375	270	14
289	250	11
304	250	14
250	185	19
185	270	24
506	198	3
210	241	56
257	282	2
285	237	67
237	106	9
133	142	30
379	131	3
133	151	90
228	384	3
181	450	1
450	237	25
240	258	15
225	256	107
256	336	19
253	327	17
327	290	24
94	419	2
403	323	6
241	237	50
212	295	7
241	171	18
171	260	2
241	366	6
366	487	7
487	170	5
170	255	5
191	191	225
385	345	57
356	372	70
372	212	1
81	106	5
106	124	44
124	133	29
173	290	7
290	133	5
105	166	10
166	124	18
85	59	3
59	97	4
196	143	4
143	199	18
228	424	8
372	284	7
284	195	5
135	172	4
173	441	3
418	364	14
257	204	11
196	182	23
182	166	42
290	448	9
448	476	21
438	296	8
296	434	8
434	422	25
422	423	34
558	525	25
525	555	88
555	479	4
469	421	15
459	555	7
438	573	16
60	122	3
148	175	20
175	146	45
148	259	3
258	209	8
209	292	9
309	288	17
288	301	33
253	250	109
253	322	190
453	231	8
237	237	243
237	248	35
248	199	21
226	513	1
513	396	1
385	539	5
533	548	28
512	521	38
486	487	65
434	394	26
306	248	59
128	60	13
60	59	20
59	67	1
67	67	64
67	275	1
275	570	6
570	252	4
252	381	6
385	298	23
298	356	46
356	494	3
494	487	30
487	364	5
364	311	4
311	408	1
372	247	9
353	353	64
53	202	2
202	181	20
198	292	5
334	253	5
253	333	81
336	558	12
558	541	68
476	449	48
393	228	3
229	245	43
248	191	67
355	457	1
416	279	2
275	463	1
256	167	8
421	569	11
541	573	93
543	513	87
513	547	62
547	421	16
450	393	55
377	494	2
468	422	71
419	403	33
337	290	9
250	421	4
395	497	2
508	512	57
512	229	2
251	521	7
521	517	34
537	543	72
543	369	2
369	399	46
383	196	3
197	456	1
318	533	4
551	288	5
252	307	25
307	275	21
275	478	22
478	486	77
486	333	11
333	160	13
167	170	3
170	387	4
335	258	3
258	245	3
245	142	48
146	374	6
374	301	31
218	175	9
175	93	2
93	151	10
175	448	6
469	518	2
518	548	1
545	369	7
369	364	4
456	183	1
183	181	19
181	183	23
197	197	27
188	215	2
214	237	11
237	339	18
241	219	77
219	191	23
191	205	80
191	237	30
237	280	25
254	264	9
264	437	5
437	301	20
566	548	17
548	515	51
515	516	40
516	470	14
434	470	34
423	422	35
403	267	17
237	97	7
129	124	22
124	131	46
131	131	42
131	18	3
540	534	3
534	544	10
544	479	5
434	478	15
456	300	8
300	266	8
446	255	2
255	124	3
124	124	46
85	97	3
131	151	101
151	267	4
272	232	14
232	163	5
118	394	1
394	475	25
548	487	20
487	560	10
248	276	134
254	486	8
237	506	23
506	480	87
491	514	6
514	468	33
468	506	24
419	272	3
237	513	5
370	340	24
298	266	20
290	200	29
200	88	2
109	116	47
109	262	2
262	350	6
237	202	73
212	202	44
493	533	7
521	569	24
548	521	22
544	496	11
496	506	181
504	399	6
410	316	5
342	503	1
503	436	2
460	350	2
349	386	39
407	571	4
440	456	3
446	459	46
459	398	21
374	421	14
421	438	24
438	438	175
292	332	21
359	349	24
349	294	10
294	405	6
386	319	8
267	439	3
427	365	2
362	334	8
357	74	1
73	493	1
195	162	12
224	192	2
192	168	2
185	289	6
289	438	16
398	322	100
373	556	1
309	295	56
529	564	12
564	426	1
426	253	1
372	287	7
521	393	10
393	306	37
306	534	5
534	538	25
521	280	13
254	165	2
194	472	1
472	449	38
449	501	5
501	477	5
477	437	12
381	85	1
105	110	5
493	272	5
384	428	9
442	544	12
544	542	91
542	459	4
492	511	16
511	508	1
507	497	41
510	491	26
491	457	72
471	310	2
383	451	1
453	453	20
453	442	7
512	436	43
426	542	5
542	526	47
507	386	12
573	275	10
422	467	5
493	362	2
384	510	7
510	258	4
334	334	17
426	510	11
510	527	42
557	386	4
407	506	4
506	519	27
516	465	11
465	464	55
464	442	38
493	267	12
317	359	6
386	497	12
506	343	11
369	339	2
364	358	8
357	387	29
407	467	7
366	288	7
373	456	16
492	420	7
455	486	34
490	509	7
510	439	13
460	463	9
463	562	1
562	519	23
517	553	16
553	470	8
494	386	23
386	320	4
320	291	31
348	413	28
404	399	13
384	426	17
495	467	25
452	356	17
356	506	3
496	584	11
567	343	5
369	341	17
323	373	2
476	450	120
450	445	3
445	345	51
373	244	3
222	117	3
117	303	2
303	319	19
317	297	26
297	332	7
349	424	3
476	204	4
204	306	6
449	377	15
375	146	27
241	211	14
210	293	17
519	450	10
446	449	43
420	449	50
423	390	9
392	475	4
450	455	31
578	527	18
542	544	57
279	205	9
205	185	42
191	276	53
307	573	3
540	384	4
384	429	13
573	511	46
521	375	30
375	322	104
322	322	138
288	333	78
450	478	99
478	513	101
552	273	1
231	102	4
102	67	3
67	319	2
320	190	8
190	149	6
147	413	3
413	343	37
343	317	24
317	267	40
267	460	2
436	341	14
352	317	33
319	216	10
281	103	1
282	291	36
282	332	5
273	274	12
232	191	2
191	228	24
228	378	2
389	387	9
384	362	25
231	290	4
289	375	18
333	550	3
548	540	6
506	546	71
141	62	1
61	151	3
121	117	11
152	282	1
282	578	3
531	401	2
413	276	7
276	202	2
232	413	4
312	236	26
233	147	4
147	178	21
184	113	13
176	283	1
282	281	22
281	217	66
230	112	5
237	322	17
322	293	7
320	283	13
283	329	1
329	438	1
438	537	14
237	253	18
253	283	1
207	284	6
284	349	1
388	450	2
450	388	5
378	333	18
333	381	20
381	170	1
165	220	1
192	148	1
108	127	25
159	171	17
183	374	2
346	146	12
109	424	2
424	293	9
262	210	44
210	321	2
434	326	3
327	296	3
257	337	5
338	333	47
333	476	38
424	321	20
321	424	26
424	476	396
498	410	2
351	269	5
269	332	6
309	387	14
386	487	12
487	516	45
516	463	3
405	425	6
437	314	4
288	266	21
266	146	13
329	339	13
340	299	18
299	228	3
248	248	277
271	231	10
231	262	15
262	360	2
360	292	8
292	426	2
383	393	3
392	442	4
425	383	20
383	514	8
248	271	54
245	492	3
492	477	3
477	424	13
437	476	101
476	474	49
446	420	28
420	142	3
219	127	19
219	222	75
222	413	2
498	322	20
322	438	61
411	394	21
394	487	10
487	562	30
551	540	1
540	556	5
556	554	8
524	223	1
223	322	31
322	290	142
290	336	40
336	476	37
438	298	31
266	223	69
191	192	4
191	270	29
270	346	8
346	261	1
329	306	5
306	185	9
185	287	7
299	276	11
276	267	47
262	182	5
161	248	18
248	299	22
299	170	4
171	183	29
204	22	3
25	59	4
219	181	18
243	218	46
212	376	6
376	403	16
403	276	19
306	423	10
391	374	16
376	543	8
543	288	16
288	393	12
393	175	9
175	153	2
181	243	46
243	241	44
242	223	3
452	148	1
159	476	2
476	541	64
501	478	81
474	490	6
486	457	7
436	316	8
317	303	29
297	399	7
414	506	10
491	480	78
491	512	38
512	526	36
526	546	76
546	487	2
302	476	22
476	437	67
437	398	35
398	252	47
253	336	38
336	443	3
442	306	5
307	333	20
333	424	40
424	373	197
438	479	4
488	487	19
487	333	7
336	429	2
429	521	11
523	474	29
474	421	13
421	424	28
424	445	21
445	424	23
476	563	6
563	512	35
512	295	14
296	471	3
471	491	67
507	290	3
290	253	94
253	478	25
446	143	1
143	486	3
523	570	26
569	475	7
424	250	17
498	450	26
478	558	109
243	292	33
364	403	25
422	375	16
375	275	49
279	307	18
379	364	7
389	447	2
457	527	8
542	539	8
538	539	28
477	408	7
381	509	2
509	338	2
375	505	7
478	438	112
393	438	32
438	446	73
318	557	1
515	181	2
198	170	9
170	339	13
300	242	14
244	337	2
299	499	2
558	477	23
477	436	1
426	351	8
350	399	5
410	491	33
506	258	3
258	253	2
253	237	35
237	294	23
294	87	5
578	571	14
571	360	2
386	351	13
529	563	77
527	529	47
527	300	10
419	458	9
458	411	1
409	390	14
423	537	4
505	478	54
403	434	17
441	428	28
466	442	67
442	463	27
493	146	15
323	437	3
437	438	39
438	256	18
256	269	2
293	521	6
514	391	4
448	469	70
469	449	24
479	440	22
512	542	85
542	572	56
419	438	2
414	237	24
237	384	14
514	256	3
452	573	5
563	542	60
571	571	82
529	516	13
544	512	89
571	461	7
461	491	58
562	579	11
579	533	2
533	523	25
523	306	8
337	448	7
472	521	50
515	515	26
515	508	7
508	475	2
475	523	13
523	486	65
533	562	57
566	545	6
479	561	4
561	398	9
398	280	16
280	425	4
527	565	8
583	507	9
542	567	68
567	191	2
504	516	4
516	441	12
441	364	15
493	348	3
348	265	2
441	512	48
512	496	83
497	512	73
512	300	12
300	546	5
546	502	2
502	570	3
543	478	62
555	284	1
356	541	14
541	525	83
525	424	12
487	440	33
441	495	15
348	230	8
236	212	2
292	133	2
373	373	283
283	291	65
291	308	61
312	413	28
347	342	27
342	466	6
442	464	35
464	267	8
262	405	7
440	398	7
398	370	12
370	288	10
145	341	1
341	166	2
161	242	8
143	175	84
174	248	33
260	182	3
210	202	32
212	159	6
159	173	10
229	248	116
271	122	3
204	181	35
181	182	78
198	404	2
285	362	5
362	435	18
416	231	10
231	255	1
253	298	74
290	373	65
373	437	103
424	251	10
197	219	44
219	196	28
521	558	17
475	446	15
467	334	4
386	444	38
465	496	89
506	542	53
495	461	20
489	453	5
451	386	1
386	476	14
476	237	25
237	25	4
71	149	2
272	297	21
473	266	1
253	131	9
172	333	7
333	309	4
350	417	4
417	335	2
335	365	1
365	365	54
399	147	1
147	177	6
213	231	111
231	269	9
269	465	4
444	439	14
439	480	7
491	300	4
241	557	1
557	455	6
423	260	4
242	240	22
240	159	9
159	168	1
160	160	32
160	225	38
225	221	34
221	376	1
505	499	6
513	561	5
561	530	27
530	526	10
526	571	38
508	369	5
384	439	10
439	497	15
495	478	5
455	455	59
455	156	1
243	372	5
372	385	26
385	301	12
475	437	41
476	478	244
478	525	77
543	342	1
341	467	4
467	442	37
442	293	10
293	285	4
320	267	16
293	237	50
292	32	1
108	233	2
272	497	4
506	317	17
231	309	3
332	211	7
237	173	8
172	225	16
225	185	76
185	533	2
455	377	18
338	306	12
306	270	5
270	450	6
462	453	25
453	507	13
507	347	5
312	217	14
236	141	1
176	428	2
428	495	24
495	509	18
510	545	31
468	472	85
472	517	11
470	109	2
109	133	6
151	142	58
123	493	1
354	354	4
355	305	21
305	500	2
498	558	82
558	402	1
348	272	3
237	475	6
499	444	1
382	387	15
387	468	30
469	487	35
487	377	12
377	418	3
418	384	5
384	272	11
303	493	8
493	382	7
382	485	3
457	281	1
281	178	8
215	190	3
215	91	1
113	90	12
90	237	5
456	478	56
500	522	15
558	279	4
279	290	36
289	340	5
337	300	19
300	288	35
346	197	3
170	262	11
262	311	22
293	54	3
54	96	2
96	129	11
108	543	1
543	557	21
521	490	45
490	469	16
469	459	15
459	85	1
85	94	7
125	181	6
183	166	13
183	143	7
106	88	6
109	125	28
148	444	2
444	359	6
359	357	21
371	376	5
395	438	60
438	225	32
225	321	15
321	286	14
286	304	8
304	355	19
353	354	8
396	501	1
501	442	5
257	539	2
533	468	16
532	534	8
498	555	30
543	318	8
324	355	3
385	475	21
500	422	1
514	479	18
472	335	1
296	202	7
210	222	20
248	567	1
550	553	32
533	434	12
333	248	46
196	241	20
248	242	35
248	375	39
375	469	13
498	452	22
424	375	81
376	333	30
333	513	8
513	333	14
237	226	11
226	266	5
266	304	5
298	133	3
225	376	34
376	256	12
253	523	6
21	21	13
63	237	12
177	112	5
216	369	9
503	485	10
416	272	13
277	184	38
176	147	23
285	308	68
308	285	101
312	369	8
369	215	6
215	394	2
394	175	8
142	59	22
60	51	6
9	369	1
404	451	18
451	369	6
430	471	4
471	540	25
540	527	29
503	461	19
461	453	75
453	285	10
291	236	47
236	155	1
117	442	2
442	419	19
441	386	40
386	311	22
239	96	1
88	179	2
177	152	7
149	147	22
144	77	3
67	17	3
104	83	20
163	308	10
291	382	4
387	312	1
291	413	46
413	330	4
330	332	17
332	438	3
583	564	30
563	506	32
503	528	8
453	461	42
413	190	9
67	23	9
516	491	14
516	530	92
583	567	11
542	561	5
561	564	33
545	290	3
290	219	7
211	360	1
360	435	11
435	435	36
384	507	14
507	77	1
67	96	4
96	237	9
303	347	5
347	285	10
303	203	7
583	342	2
362	529	3
529	362	4
362	269	3
269	387	2
419	468	39
468	231	9
237	343	25
343	448	1
383	469	6
470	302	2
302	95	1
158	33	1
142	132	6
107	116	16
108	67	1
67	147	5
152	179	11
179	116	11
564	146	9
122	88	40
97	267	4
272	203	21
203	454	1
433	458	1
469	575	2
129	416	1
416	365	28
365	369	73
562	142	1
148	128	12
142	159	87
146	142	11
146	149	2
22	372	1
372	455	2
170	394	14
394	395	93
398	290	32
253	300	30
300	327	2
327	558	5
558	452	10
452	373	22
333	447	3
447	461	94
307	143	8
173	175	91
175	142	85
174	229	18
251	287	5
287	403	8
418	530	6
479	419	14
419	335	1
335	174	1
142	199	25
199	110	1
290	170	8
267	283	15
283	210	4
171	295	3
295	267	22
267	181	8
198	239	7
239	325	2
366	425	3
425	375	5
333	287	47
287	160	5
381	499	22
499	570	25
564	530	11
545	295	6
295	310	12
310	276	11
306	393	33
393	392	15
423	541	11
541	320	1
285	320	64
277	273	28
273	436	5
436	461	67
461	435	38
514	330	2
330	273	4
274	203	7
203	319	3
319	399	17
399	414	30
410	238	3
408	394	8
394	307	28
307	232	2
231	273	44
273	272	47